0.000000
0.000199
0.000398
0.000597
0.000796
0.000995
0.001194
0.001393
0.001592
0.001791
0.001990
0.002189
0.002388
0.002587
0.002786
0.002985
0.003184
0.003383
0.003582
0.003781
0.003980
0.004179
0.004378
0.004577
0.004776
0.004975
0.005174
0.005373
0.005572
0.005771
0.005970
0.006168
0.006367
0.006566
0.006765
0.006964
0.007163
0.007362
0.007561
0.007759
0.007958
0.008157
0.008356
0.008555
0.008753
0.008952
0.009151
0.009350
0.009548
0.009747
0.009946
0.010145
0.010343
0.010542
0.010741
0.010939
0.011138
0.011337
0.011535
0.011734
0.011932
0.012131
0.012329
0.012528
0.012727
0.012925
0.013124
0.013322
0.013520
0.013719
0.013917
0.014116
0.014314
0.014512
0.014711
0.014909
0.015107
0.015306
0.015504
0.015702
0.015900
0.016099
0.016297
0.016495
0.016693
0.016891
0.017089
0.017288
0.017486
0.017684
0.017882
0.018080
0.018278
0.018476
0.018674
0.018871
0.019069
0.019267
0.019465
0.019663
0.019861
0.020058
0.020256
0.020454
0.020652
0.020849
0.021047
0.021244
0.021442
0.021640
0.021837
0.022035
0.022232
0.022429
0.022627
0.022824
0.023022
0.023219
0.023416
0.023614
0.023811
0.024008
0.024205
0.024402
0.024599
0.024796
0.024994
0.025191
0.025388
0.025585
0.025781
0.025978
0.026175
0.026372
0.026569
0.026766
0.026962
0.027159
0.027356
0.027552
0.027749
0.027945
0.028142
0.028338
0.028535
0.028731
0.028928
0.029124
0.029320
0.029517
0.029713
0.029909
0.030105
0.030301
0.030497
0.030693
0.030889
0.031085
0.031281
0.031477
0.031673
0.031869
0.032065
0.032260
0.032456
0.032652
0.032847
0.033043
0.033238
0.033434
0.033629
0.033825
0.034020
0.034215
0.034411
0.034606
0.034801
0.034996
0.035191
0.035386
0.035581
0.035776
0.035971
0.036166
0.036361
0.036556
0.036750
0.036945
0.037140
0.037334
0.037529
0.037723
0.037918
0.038112
0.038306
0.038501
0.038695
0.038889
0.039083
0.039277
0.039471
0.039665
0.039859
0.040053
0.040247
0.040441
0.040635
0.040828
0.041022
0.041216
0.041409
0.041603
0.041796
0.041989
0.042183
0.042376
0.042569
0.042762
0.042955
0.043149
0.043342
0.043534
0.043727
0.043920
0.044113
0.044306
0.044498
0.044691
0.044884
0.045076
0.045269
0.045461
0.045653
0.045845
0.046038
0.046230
0.046422
0.046614
0.046806
0.046998
0.047190
0.047382
0.047573
0.047765
0.047957
0.048148
0.048340
0.048531
0.048722
0.048914
0.049105
0.049296
0.049487
0.049678
0.049869
0.050060
0.050251
0.050442
0.050633
0.050823
0.051014
0.051204
0.051395
0.051585
0.051776
0.051966
0.052156
0.052346
0.052536
0.052726
0.052916
0.053106
0.053296
0.053486
0.053676
0.053865
0.054055
0.054244
0.054434
0.054623
0.054812
0.055001
0.055190
0.055379
0.055568
0.055757
0.055946
0.056135
0.056324
0.056512
0.056701
0.056889
0.057078
0.057266
0.057454
0.057643
0.057831
0.058019
0.058207
0.058395
0.058582
0.058770
0.058958
0.059145
0.059333
0.059520
0.059708
0.059895
0.060082
0.060269
0.060456
0.060643
0.060830
0.061017
0.061204
0.061390
0.061577
0.061764
0.061950
0.062136
0.062323
0.062509
0.062695
0.062881
0.063067
0.063253
0.063439
0.063624
0.063810
0.063995
0.064181
0.064366
0.064552
0.064737
0.064922
0.065107
0.065292
0.065477
0.065662
0.065846
0.066031
0.066215
0.066400
0.066584
0.066768
0.066953
0.067137
0.067321
0.067505
0.067689
0.067872
0.068056
0.068240
0.068423
0.068607
0.068790
0.068973
0.069156
0.069339
0.069522
0.069705
0.069888
0.070071
0.070253
0.070436
0.070618
0.070800
0.070983
0.071165
0.071347
0.071529
0.071711
0.071893
0.072074
0.072256
0.072437
0.072619
0.072800
0.072981
0.073162
0.073343
0.073524
0.073705
0.073886
0.074067
0.074247
0.074428
0.074608
0.074788
0.074968
0.075148
0.075328
0.075508
0.075688
0.075868
0.076047
0.076227
0.076406
0.076585
0.076765
0.076944
0.077123
0.077302
0.077480
0.077659
0.077838
0.078016
0.078194
0.078373
0.078551
0.078729
0.078907
0.079085
0.079263
0.079441
0.079618
0.079796
0.079973
0.080151
0.080328
0.080505
0.080682
0.080859
0.081036
0.081213
0.081390
0.081566
0.081743
0.081919
0.082096
0.082272
0.082448
0.082624
0.082801
0.082977
0.083152
0.083328
0.083504
0.083680
0.083855
0.084031
0.084206
0.084382
0.084557
0.084732
0.084907
0.085082
0.085257
0.085432
0.085607
0.085782
0.085956
0.086131
0.086305
0.086480
0.086654
0.086828
0.087003
0.087177
0.087351
0.087525
0.087699
0.087873
0.088047
0.088221
0.088394
0.088568
0.088741
0.088915
0.089088
0.089262
0.089435
0.089608
0.089782
0.089955
0.090128
0.090301
0.090474
0.090647
0.090819
0.090992
0.091165
0.091338
0.091510
0.091683
0.091855
0.092028
0.092200
0.092373
0.092545
0.092717
0.092889
0.093061
0.093233
0.093406
0.093578
0.093749
0.093921
0.094093
0.094265
0.094437
0.094608
0.094780
0.094952
0.095123
0.095295
0.095466
0.095638
0.095809
0.095980
0.096152
0.096323
0.096494
0.096665
0.096837
0.097008
0.097179
0.097350
0.097521
0.097692
0.097863
0.098034
0.098204
0.098375
0.098546
0.098717
0.098887
0.099058
0.099229
0.099399
0.099570
0.099741
0.099911
0.100082
0.100252
0.100423
0.100593
0.100763
0.100934
0.101104
0.101274
0.101445
0.101615
0.101785
0.101955
0.102126
0.102296
0.102466
0.102636
0.102806
0.102976
0.103146
0.103316
0.103487
0.103657
0.103827
0.103997
0.104167
0.104336
0.104506
0.104676
0.104846
0.105016
0.105186
0.105356
0.105526
0.105696
0.105865
0.106035
0.106205
0.106375
0.106545
0.106715
0.106884
0.107054
0.107224
0.107394
0.107563
0.107733
0.107903
0.108073
0.108242
0.108412
0.108582
0.108752
0.108921
0.109091
0.109261
0.109431
0.109600
0.109770
0.109940
0.110110
0.110279
0.110449
0.110619
0.110789
0.110958
0.111128
0.111298
0.111468
0.111637
0.111807
0.111977
0.112147
0.112317
0.112487
0.112656
0.112826
0.112996
0.113166
0.113336
0.113506
0.113676
0.113846
0.114016
0.114186
0.114356
0.114526
0.114696
0.114866
0.115036
0.115206
0.115376
0.115546
0.115716
0.115886
0.116056
0.116227
0.116397
0.116567
0.116737
0.116908
0.117078
0.117248
0.117419
0.117589
0.117760
0.117930
0.118100
0.118271
0.118442
0.118612
0.118783
0.118953
0.119124
0.119295
0.119465
0.119636
0.119807
0.119978
0.120149
0.120319
0.120490
0.120661
0.120832
0.121003
0.121174
0.121346
0.121517
0.121688
0.121859
0.122030
0.122202
0.122373
0.122545
0.122716
0.122887
0.123059
0.123231
0.123402
0.123574
0.123745
0.123917
0.124089
0.124261
0.124433
0.124605
0.124777
0.124949
0.125121
0.125293
0.125465
0.125637
0.125810
0.125982
0.126154
0.126327
0.126499
0.126672
0.126845
0.127017
0.127190
0.127363
0.127536
0.127708
0.127881
0.128054
0.128228
0.128401
0.128574
0.128747
0.128920
0.129094
0.129267
0.129441
0.129614
0.129788
0.129962
0.130135
0.130309
0.130483
0.130657
0.130831
0.131005
0.131180
0.131354
0.131528
0.131702
0.131877
0.132051
0.132226
0.132401
0.132575
0.132750
0.132925
0.133100
0.133275
0.133450
0.133625
0.133801
0.133976
0.134152
0.134327
0.134503
0.134678
0.134854
0.135030
0.135206
0.135382
0.135558
0.135734
0.135910
0.136087
0.136263
0.136439
0.136616
0.136793
0.136969
0.137146
0.137323
0.137500
0.137677
0.137854
0.138032
0.138209
0.138387
0.138564
0.138742
0.138919
0.139097
0.139275
0.139453
0.139631
0.139810
0.139988
0.140166
0.140345
0.140523
0.140702
0.140881
0.141060
0.141239
0.141418
0.141597
0.141776
0.141956
0.142135
0.142315
0.142494
0.142674
0.142854
0.143034
0.143214
0.143394
0.143575
0.143755
0.143936
0.144116
0.144297
0.144478
0.144659
0.144840
0.145021
0.145203
0.145384
0.145566
0.145747
0.145929
0.146111
0.146293
0.146475
0.146657
0.146839
0.147022
0.147204
0.147387
0.147570
0.147753
0.147936
0.148119
0.148302
0.148486
0.148669
0.148853
0.149036
0.149220
0.149404
0.149588
0.149772
0.149956
0.150141
0.150325
0.150510
0.150694
0.150879
0.151064
0.151249
0.151434
0.151619
0.151805
0.151990
0.152176
0.152361
0.152547
0.152733
0.152919
0.153105
0.153291
0.153478
0.153664
0.153850
0.154037
0.154224
0.154411
0.154598
0.154785
0.154972
0.155159
0.155346
0.155534
0.155721
0.155909
0.156097
0.156284
0.156472
0.156660
0.156849
0.157037
0.157225
0.157414
0.157602
0.157791
0.157980
0.158168
0.158357
0.158546
0.158736
0.158925
0.159114
0.159304
0.159493
0.159683
0.159872
0.160062
0.160252
0.160442
0.160632
0.160823
0.161013
0.161203
0.161394
0.161584
0.161775
0.161966
0.162157
0.162348
0.162539
0.162730
0.162921
0.163112
0.163304
0.163495
0.163687
0.163879
0.164071
0.164262
0.164454
0.164647
0.164839
0.165031
0.165223
0.165416
0.165608
0.165801
0.165994
0.166186
0.166379
0.166572
0.166765
0.166958
0.167152
0.167345
0.167538
0.167732
0.167926
0.168119
0.168313
0.168507
0.168701
0.168895
0.169089
0.169283
0.169477
0.169672
0.169866
0.170061
0.170255
0.170450
0.170645
0.170840
0.171034
0.171229
0.171425
0.171620
0.171815
0.172010
0.172206
0.172401
0.172597
0.172793
0.172988
0.173184
0.173380
0.173576
0.173772
0.173968
0.174165
0.174361
0.174557
0.174754
0.174950
0.175147
0.175344
0.175540
0.175737
0.175934
0.176131
0.176328
0.176525
0.176723
0.176920
0.177117
0.177315
0.177512
0.177710
0.177908
0.178105
0.178303
0.178501
0.178699
0.178897
0.179095
0.179293
0.179492
0.179690
0.179888
0.180087
0.180285
0.180484
0.180683
0.180881
0.181080
0.181279
0.181478
0.181677
0.181876
0.182075
0.182275
0.182474
0.182673
0.182873
0.183072
0.183272
0.183472
0.183671
0.183871
0.184071
0.184271
0.184471
0.184671
0.184871
0.185071
0.185271
0.185472
0.185672
0.185872
0.186073
0.186273
0.186474
0.186675
0.186876
0.187076
0.187277
0.187478
0.187679
0.187880
0.188081
0.188283
0.188484
0.188685
0.188886
0.189088
0.189289
0.189491
0.189693
0.189894
0.190096
0.190298
0.190500
0.190701
0.190903
0.191105
0.191307
0.191510
0.191712
0.191914
0.192116
0.192319
0.192521
0.192724
0.192926
0.193129
0.193331
0.193534
0.193737
0.193940
0.194142
0.194345
0.194548
0.194751
0.194954
0.195157
0.195361
0.195564
0.195767
0.195970
0.196174
0.196377
0.196581
0.196784
0.196988
0.197191
0.197395
0.197599
0.197803
0.198006
0.198210
0.198414
0.198618
0.198822
0.199026
0.199230
0.199434
0.199639
0.199843
0.200047
0.200252
0.200456
0.200660
0.200865
0.201069
0.201274
0.201479
0.201683
0.201888
0.202093
0.202298
0.202502
0.202707
0.202912
0.203117
0.203322
0.203527
0.203732
0.203938
0.204143
0.204348
0.204553
0.204759
0.204964
0.205169
0.205375
0.205580
0.205786
0.205991
0.206197
0.206402
0.206608
0.206814
0.207020
0.207225
0.207431
0.207637
0.207843
0.208049
0.208255
0.208461
0.208667
0.208873
0.209079
0.209285
0.209491
0.209698
0.209904
0.210110
0.210316
0.210523
0.210729
0.210936
0.211142
0.211349
0.211555
0.211762
0.211968
0.212175
0.212381
0.212588
0.212795
0.213002
0.213208
0.213415
0.213622
0.213829
0.214036
0.214243
0.214450
0.214657
0.214864
0.215071
0.215278
0.215485
0.215692
0.215899
0.216106
0.216314
0.216521
0.216728
0.216935
0.217143
0.217350
0.217557
0.217765
0.217972
0.218180
0.218387
0.218595
0.218802
0.219010
0.219217
0.219425
0.219632
0.219840
0.220048
0.220255
0.220463
0.220671
0.220878
0.221086
0.221294
0.221502
0.221710
0.221917
0.222125
0.222333
0.222541
0.222749
0.222957
0.223165
0.223373
0.223581
0.223789
0.223997
0.224205
0.224413
0.224621
0.224829
0.225037
0.225246
0.225454
0.225662
0.225870
0.226078
0.226286
0.226495
0.226703
0.226911
0.227119
0.227328
0.227536
0.227744
0.227953
0.228161
0.228369
0.228578
0.228786
0.228995
0.229203
0.229412
0.229620
0.229828
0.230037
0.230245
0.230454
0.230663
0.230871
0.231080
0.231288
0.231497
0.231706
0.231914
0.232123
0.232331
0.232540
0.232749
0.232958
0.233166
0.233375
0.233584
0.233793
0.234001
0.234210
0.234419
0.234628
0.234837
0.235046
0.235255
0.235463
0.235672
0.235881
0.236090
0.236299
0.236508
0.236717
0.236926
0.237135
0.237344
0.237553
0.237763
0.237972
0.238181
0.238390
0.238599
0.238808
0.239017
0.239227
0.239436
0.239645
0.239854
0.240064
0.240273
0.240482
0.240691
0.240901
0.241110
0.241320
0.241529
0.241738
0.241948
0.242157
0.242367
0.242576
0.242785
0.242995
0.243204
0.243414
0.243624
0.243833
0.244043
0.244252
0.244462
0.244672
0.244881
0.245091
0.245300
0.245510
0.245720
0.245930
0.246139
0.246349
0.246559
0.246769
0.246978
0.247188
0.247398
0.247608
0.247818
0.248028
0.248238
0.248448
0.248657
0.248867
0.249077
0.249287
0.249497
0.249707
0.249917
0.250127
0.250338
0.250548
0.250758
0.250968
0.251178
0.251388
0.251598
0.251808
0.252019
0.252229
0.252439
0.252649
0.252860
0.253070
0.253280
0.253491
0.253701
0.253911
0.254122
0.254332
0.254542
0.254753
0.254963
0.255174
0.255384
0.255595
0.255805
0.256016
0.256226
0.256437
0.256647
0.256858
0.257068
0.257279
0.257490
0.257700
0.257911
0.258122
0.258332
0.258543
0.258754
0.258965
0.259175
0.259386
0.259597
0.259808
0.260019
0.260229
0.260440
0.260651
0.260862
0.261073
0.261284
0.261495
0.261706
0.261917
0.262128
0.262339
0.262550
0.262761
0.262972
0.263183
0.263394
0.263605
0.263817
0.264028
0.264239
0.264450
0.264661
0.264873
0.265084
0.265295
0.265506
0.265718
0.265929
0.266140
0.266352
0.266563
0.266774
0.266986
0.267197
0.267409
0.267620
0.267832
0.268043
0.268255
0.268466
0.268678
0.268889
0.269101
0.269312
0.269524
0.269736
0.269947
0.270159
0.270370
0.270582
0.270794
0.271006
0.271217
0.271429
0.271641
0.271853
0.272064
0.272276
0.272488
0.272700
0.272912
0.273124
0.273336
0.273548
0.273760
0.273972
0.274184
0.274396
0.274608
0.274820
0.275032
0.275244
0.275456
0.275668
0.275880
0.276092
0.276304
0.276517
0.276729
0.276941
0.277153
0.277365
0.277578
0.277790
0.278002
0.278215
0.278427
0.278639
0.278852
0.279064
0.279277
0.279489
0.279701
0.279914
0.280126
0.280339
0.280551
0.280764
0.280976
0.281189
0.281402
0.281614
0.281827
0.282039
0.282252
0.282465
0.282677
0.282890
0.283103
0.283316
0.283528
0.283741
0.283954
0.284167
0.284380
0.284592
0.284805
0.285018
0.285231
0.285444
0.285657
0.285870
0.286083
0.286296
0.286509
0.286722
0.286935
0.287148
0.287361
0.287574
0.287787
0.288001
0.288214
0.288427
0.288640
0.288853
0.289066
0.289280
0.289493
0.289706
0.289920
0.290133
0.290346
0.290560
0.290773
0.290986
0.291200
0.291413
0.291627
0.291840
0.292054
0.292267
0.292481
0.292694
0.292908
0.293121
0.293335
0.293548
0.293762
0.293976
0.294189
0.294403
0.294617
0.294830
0.295044
0.295258
0.295472
0.295685
0.295899
0.296113
0.296327
0.296541
0.296755
0.296969
0.297182
0.297396
0.297610
0.297824
0.298038
0.298252
0.298466
0.298680
0.298894
0.299109
0.299323
0.299537
0.299751
0.299965
0.300179
0.300393
0.300608
0.300822
0.301036
0.301250
0.301465
0.301679
0.301893
0.302108
0.302322
0.302536
0.302751
0.302965
0.303180
0.303394
0.303608
0.303823
0.304037
0.304252
0.304467
0.304681
0.304896
0.305110
0.305325
0.305540
0.305754
0.305969
0.306184
0.306398
0.306613
0.306828
0.307042
0.307257
0.307472
0.307687
0.307902
0.308117
0.308331
0.308546
0.308761
0.308976
0.309191
0.309406
0.309621
0.309836
0.310051
0.310266
0.310481
0.310696
0.310911
0.311127
0.311342
0.311557
0.311772
0.311987
0.312202
0.312418
0.312633
0.312848
0.313063
0.313279
0.313494
0.313709
0.313925
0.314140
0.314356
0.314571
0.314786
0.315002
0.315217
0.315433
0.315648
0.315864
0.316080
0.316295
0.316511
0.316726
0.316942
0.317158
0.317373
0.317589
0.317805
0.318020
0.318236
0.318452
0.318668
0.318883
0.319099
0.319315
0.319531
0.319747
0.319963
0.320179
0.320395
0.320611
0.320827
0.321043
0.321259
0.321475
0.321691
0.321907
0.322123
0.322339
0.322555
0.322771
0.322987
0.323204
0.323420
0.323636
0.323852
0.324068
0.324285
0.324501
0.324717
0.324934
0.325150
0.325366
0.325583
0.325799
0.326016
0.326232
0.326449
0.326665
0.326882
0.327098
0.327315
0.327531
0.327748
0.327965
0.328181
0.328398
0.328615
0.328831
0.329048
0.329265
0.329481
0.329698
0.329915
0.330132
0.330349
0.330566
0.330782
0.330999
0.331216
0.331433
0.331650
0.331867
0.332084
0.332301
0.332518
0.332735
0.332952
0.333169
0.333386
0.333603
0.333821
0.334038
0.334255
0.334472
0.334689
0.334907
0.335124
0.335341
0.335559
0.335776
0.335993
0.336211
0.336428
0.336645
0.336863
0.337080
0.337298
0.337515
0.337733
0.337950
0.338168
0.338385
0.338603
0.338821
0.339038
0.339256
0.339473
0.339691
0.339909
0.340127
0.340344
0.340562
0.340780
0.340998
0.341216
0.341433
0.341651
0.341869
0.342087
0.342305
0.342523
0.342741
0.342959
0.343177
0.343395
0.343613
0.343831
0.344049
0.344267
0.344485
0.344704
0.344922
0.345140
0.345358
0.345576
0.345795
0.346013
0.346231
0.346449
0.346668
0.346886
0.347105
0.347323
0.347541
0.347760
0.347978
0.348197
0.348415
0.348634
0.348852
0.349071
0.349289
0.349508
0.349727
0.349945
0.350164
0.350383
0.350601
0.350820
0.351039
0.351258
0.351476
0.351695
0.351914
0.352133
0.352352
0.352571
0.352789
0.353008
0.353227
0.353446
0.353665
0.353884
0.354103
0.354322
0.354542
0.354761
0.354980
0.355199
0.355418
0.355637
0.355856
0.356076
0.356295
0.356514
0.356733
0.356953
0.357172
0.357391
0.357611
0.357830
0.358050
0.358269
0.358488
0.358708
0.358927
0.359147
0.359366
0.359586
0.359806
0.360025
0.360245
0.360464
0.360684
0.360904
0.361124
0.361343
0.361563
0.361783
0.362003
0.362222
0.362442
0.362662
0.362882
0.363102
0.363322
0.363542
0.363762
0.363982
0.364202
0.364422
0.364642
0.364862
0.365082
0.365302
0.365522
0.365742
0.365962
0.366183
0.366403
0.366623
0.366843
0.367064
0.367284
0.367504
0.367724
0.367945
0.368165
0.368386
0.368606
0.368826
0.369047
0.369267
0.369488
0.369708
0.369929
0.370150
0.370370
0.370591
0.370811
0.371032
0.371253
0.371474
0.371694
0.371915
0.372136
0.372357
0.372577
0.372798
0.373019
0.373240
0.373461
0.373682
0.373903
0.374124
0.374345
0.374566
0.374787
0.375008
0.375229
0.375450
0.375671
0.375892
0.376113
0.376335
0.376556
0.376777
0.376998
0.377219
0.377441
0.377662
0.377883
0.378105
0.378326
0.378548
0.378769
0.378990
0.379212
0.379433
0.379655
0.379876
0.380098
0.380319
0.380541
0.380763
0.380984
0.381206
0.381428
0.381649
0.381871
0.382093
0.382315
0.382536
0.382758
0.382980
0.383202
0.383424
0.383646
0.383868
0.384090
0.384312
0.384534
0.384756
0.384978
0.385200
0.385422
0.385644
0.385866
0.386088
0.386310
0.386533
0.386755
0.386977
0.387199
0.387421
0.387644
0.387866
0.388088
0.388311
0.388533
0.388756
0.388978
0.389201
0.389423
0.389646
0.389868
0.390091
0.390313
0.390536
0.390758
0.390981
0.391204
0.391426
0.391649
0.391872
0.392095
0.392317
0.392540
0.392763
0.392986
0.393209
0.393432
0.393654
0.393877
0.394100
0.394323
0.394546
0.394769
0.394992
0.395215
0.395439
0.395662
0.395885
0.396108
0.396331
0.396554
0.396778
0.397001
0.397224
0.397447
0.397671
0.397894
0.398117
0.398341
0.398564
0.398788
0.399011
0.399234
0.399458
0.399681
0.399905
0.400129
0.400352
0.400576
0.400799
0.401023
0.401247
0.401470
0.401694
0.401918
0.402142
0.402365
0.402589
0.402813
0.403037
0.403261
0.403485
0.403709
0.403933
0.404156
0.404380
0.404604
0.404828
0.405053
0.405277
0.405501
0.405725
0.405949
0.406173
0.406397
0.406621
0.406846
0.407070
0.407294
0.407518
0.407743
0.407967
0.408191
0.408416
0.408640
0.408864
0.409089
0.409313
0.409538
0.409762
0.409987
0.410211
0.410436
0.410660
0.410885
0.411110
0.411334
0.411559
0.411783
0.412008
0.412233
0.412458
0.412682
0.412907
0.413132
0.413357
0.413581
0.413806
0.414031
0.414256
0.414481
0.414706
0.414931
0.415156
0.415381
0.415606
0.415831
0.416056
0.416281
0.416506
0.416731
0.416956
0.417181
0.417406
0.417631
0.417857
0.418082
0.418307
0.418532
0.418757
0.418983
0.419208
0.419433
0.419659
0.419884
0.420109
0.420335
0.420560
0.420786
0.421011
0.421236
0.421462
0.421687
0.421913
0.422138
0.422364
0.422590
0.422815
0.423041
0.423266
0.423492
0.423718
0.423943
0.424169
0.424395
0.424620
0.424846
0.425072
0.425298
0.425523
0.425749
0.425975
0.426201
0.426427
0.426653
0.426878
0.427104
0.427330
0.427556
0.427782
0.428008
0.428234
0.428460
0.428686
0.428912
0.429138
0.429364
0.429590
0.429816
0.430043
0.430269
0.430495
0.430721
0.430947
0.431173
0.431400
0.431626
0.431852
0.432078
0.432305
0.432531
0.432757
0.432983
0.433210
0.433436
0.433663
0.433889
0.434115
0.434342
0.434568
0.434795
0.435021
0.435248
0.435474
0.435701
0.435927
0.436154
0.436380
0.436607
0.436833
0.437060
0.437286
0.437513
0.437740
0.437966
0.438193
0.438420
0.438646
0.438873
0.439100
0.439327
0.439553
0.439780
0.440007
0.440234
0.440460
0.440687
0.440914
0.441141
0.441368
0.441595
0.441822
0.442048
0.442275
0.442502
0.442729
0.442956
0.443183
0.443410
0.443637
0.443864
0.444091
0.444318
0.444545
0.444772
0.444999
0.445227
0.445454
0.445681
0.445908
0.446135
0.446362
0.446589
0.446817
0.447044
0.447271
0.447498
0.447725
0.447953
0.448180
0.448407
0.448634
0.448862
0.449089
0.449316
0.449544
0.449771
0.449998
0.450226
0.450453
0.450680
0.450908
0.451135
0.451363
0.451590
0.451818
0.452045
0.452273
0.452500
0.452728
0.452955
0.453183
0.453410
0.453638
0.453865
0.454093
0.454320
0.454548
0.454775
0.455003
0.455231
0.455458
0.455686
0.455914
0.456141
0.456369
0.456597
0.456824
0.457052
0.457280
0.457507
0.457735
0.457963
0.458191
0.458418
0.458646
0.458874
0.459102
0.459330
0.459557
0.459785
0.460013
0.460241
0.460469
0.460697
0.460925
0.461152
0.461380
0.461608
0.461836
0.462064
0.462292
0.462520
0.462748
0.462976
0.463204
0.463432
0.463660
0.463888
0.464116
0.464344
0.464572
0.464800
0.465028
0.465256
0.465484
0.465712
0.465940
0.466168
0.466396
0.466624
0.466853
0.467081
0.467309
0.467537
0.467765
0.467993
0.468221
0.468450
0.468678
0.468906
0.469134
0.469362
0.469591
0.469819
0.470047
0.470275
0.470504
0.470732
0.470960
0.471188
0.471417
0.471645
0.471873
0.472101
0.472330
0.472558
0.472786
0.473015
0.473243
0.473471
0.473700
0.473928
0.474156
0.474385
0.474613
0.474842
0.475070
0.475298
0.475527
0.475755
0.475984
0.476212
0.476441
0.476669
0.476897
0.477126
0.477354
0.477583
0.477811
0.478040
0.478268
0.478497
0.478725
0.478954
0.479182
0.479411
0.479639
0.479868
0.480096
0.480325
0.480553
0.480782
0.481011
0.481239
0.481468
0.481696
0.481925
0.482153
0.482382
0.482611
0.482839
0.483068
0.483296
0.483525
0.483754
0.483982
0.484211
0.484440
0.484668
0.484897
0.485125
0.485354
0.485583
0.485811
0.486040
0.486269
0.486497
0.486726
0.486955
0.487184
0.487412
0.487641
0.487870
0.488098
0.488327
0.488556
0.488785
0.489013
0.489242
0.489471
0.489699
0.489928
0.490157
0.490386
0.490614
0.490843
0.491072
0.491301
0.491530
0.491758
0.491987
0.492216
0.492445
0.492673
0.492902
0.493131
0.493360
0.493589
0.493818
0.494046
0.494275
0.494504
0.494733
0.494962
0.495191
0.495419
0.495648
0.495877
0.496106
0.496335
0.496564
0.496793
0.497021
0.497250
0.497479
0.497708
0.497937
0.498166
0.498395
0.498624
0.498853
0.499082
0.499311
0.499540
0.499768
0.499997
0.500226
0.500455
0.500684
0.500913
0.501142
0.501371
0.501600
0.501829
0.502058
0.502287
0.502516
0.502745
0.502974
0.503203
0.503432
0.503661
0.503890
0.504119
0.504348
0.504577
0.504806
0.505036
0.505265
0.505494
0.505723
0.505952
0.506181
0.506410
0.506639
0.506868
0.507097
0.507326
0.507555
0.507785
0.508014
0.508243
0.508472
0.508701
0.508930
0.509159
0.509389
0.509618
0.509847
0.510076
0.510305
0.510535
0.510764
0.510993
0.511222
0.511451
0.511681
0.511910
0.512139
0.512368
0.512597
0.512827
0.513056
0.513285
0.513515
0.513744
0.513973
0.514202
0.514432
0.514661
0.514890
0.515120
0.515349
0.515578
0.515807
0.516037
0.516266
0.516495
0.516725
0.516954
0.517184
0.517413
0.517642
0.517872
0.518101
0.518330
0.518560
0.518789
0.519019
0.519248
0.519477
0.519707
0.519936
0.520166
0.520395
0.520625
0.520854
0.521084
0.521313
0.521543
0.521772
0.522002
0.522231
0.522461
0.522690
0.522920
0.523149
0.523379
0.523608
0.523838
0.524067
0.524297
0.524526
0.524756
0.524985
0.525215
0.525445
0.525674
0.525904
0.526133
0.526363
0.526593
0.526822
0.527052
0.527282
0.527511
0.527741
0.527971
0.528200
0.528430
0.528660
0.528889
0.529119
0.529349
0.529578
0.529808
0.530038
0.530268
0.530497
0.530727
0.530957
0.531187
0.531416
0.531646
0.531876
0.532106
0.532336
0.532565
0.532795
0.533025
0.533255
0.533485
0.533714
0.533944
0.534174
0.534404
0.534634
0.534864
0.535094
0.535324
0.535553
0.535783
0.536013
0.536243
0.536473
0.536703
0.536933
0.537163
0.537393
0.537623
0.537853
0.538083
0.538313
0.538543
0.538773
0.539003
0.539233
0.539463
0.539693
0.539923
0.540153
0.540383
0.540613
0.540843
0.541073
0.541303
0.541533
0.541763
0.541994
0.542224
0.542454
0.542684
0.542914
0.543144
0.543374
0.543605
0.543835
0.544065
0.544295
0.544525
0.544756
0.544986
0.545216
0.545446
0.545676
0.545907
0.546137
0.546367
0.546597
0.546828
0.547058
0.547288
0.547519
0.547749
0.547979
0.548210
0.548440
0.548670
0.548901
0.549131
0.549361
0.549592
0.549822
0.550052
0.550283
0.550513
0.550744
0.550974
0.551205
0.551435
0.551665
0.551896
0.552126
0.552357
0.552587
0.552818
0.553048
0.553279
0.553509
0.553740
0.553970
0.554201
0.554431
0.554662
0.554893
0.555123
0.555354
0.555584
0.555815
0.556046
0.556276
0.556507
0.556737
0.556968
0.557199
0.557429
0.557660
0.557891
0.558122
0.558352
0.558583
0.558814
0.559044
0.559275
0.559506
0.559737
0.559967
0.560198
0.560429
0.560660
0.560891
0.561121
0.561352
0.561583
0.561814
0.562045
0.562276
0.562506
0.562737
0.562968
0.563199
0.563430
0.563661
0.563892
0.564123
0.564354
0.564585
0.564816
0.565046
0.565277
0.565508
0.565739
0.565970
0.566201
0.566432
0.566664
0.566895
0.567126
0.567357
0.567588
0.567819
0.568050
0.568281
0.568512
0.568743
0.568974
0.569206
0.569437
0.569668
0.569899
0.570130
0.570361
0.570593
0.570824
0.571055
0.571286
0.571517
0.571749
0.571980
0.572211
0.572442
0.572674
0.572905
0.573136
0.573368
0.573599
0.573830
0.574062
0.574293
0.574524
0.574756
0.574987
0.575219
0.575450
0.575681
0.575913
0.576144
0.576376
0.576607
0.576839
0.577070
0.577301
0.577533
0.577764
0.577996
0.578228
0.578459
0.578691
0.578922
0.579154
0.579385
0.579617
0.579848
0.580080
0.580312
0.580543
0.580775
0.581007
0.581238
0.581470
0.581702
0.581933
0.582165
0.582397
0.582628
0.582860
0.583092
0.583324
0.583555
0.583787
0.584019
0.584251
0.584483
0.584714
0.584946
0.585178
0.585410
0.585642
0.585874
0.586106
0.586337
0.586569
0.586801
0.587033
0.587265
0.587497
0.587729
0.587961
0.588193
0.588425
0.588657
0.588889
0.589121
0.589353
0.589585
0.589817
0.590049
0.590281
0.590513
0.590745
0.590977
0.591209
0.591442
0.591674
0.591906
0.592138
0.592370
0.592602
0.592834
0.593067
0.593299
0.593531
0.593763
0.593995
0.594228
0.594460
0.594692
0.594924
0.595157
0.595389
0.595621
0.595854
0.596086
0.596318
0.596551
0.596783
0.597015
0.597248
0.597480
0.597712
0.597945
0.598177
0.598410
0.598642
0.598875
0.599107
0.599339
0.599572
0.599804
0.600037
0.600269
0.600502
0.600734
0.600967
0.601199
0.601432
0.601665
0.601897
0.602130
0.602362
0.602595
0.602828
0.603060
0.603293
0.603525
0.603758
0.603991
0.604223
0.604456
0.604689
0.604921
0.605154
0.605387
0.605620
0.605852
0.606085
0.606318
0.606551
0.606783
0.607016
0.607249
0.607482
0.607715
0.607948
0.608180
0.608413
0.608646
0.608879
0.609112
0.609345
0.609578
0.609811
0.610043
0.610276
0.610509
0.610742
0.610975
0.611208
0.611441
0.611674
0.611907
0.612140
0.612373
0.612606
0.612839
0.613072
0.613305
0.613538
0.613771
0.614005
0.614238
0.614471
0.614704
0.614937
0.615170
0.615403
0.615636
0.615870
0.616103
0.616336
0.616569
0.616802
0.617036
0.617269
0.617502
0.617735
0.617969
0.618202
0.618435
0.618668
0.618902
0.619135
0.619368
0.619602
0.619835
0.620068
0.620302
0.620535
0.620768
0.621002
0.621235
0.621469
0.621702
0.621935
0.622169
0.622402
0.622636
0.622869
0.623103
0.623336
0.623570
0.623803
0.624037
0.624270
0.624504
0.624737
0.624971
0.625204
0.625438
0.625671
0.625905
0.626139
0.626372
0.626606
0.626839
0.627073
0.627307
0.627540
0.627774
0.628008
0.628241
0.628475
0.628709
0.628943
0.629176
0.629410
0.629644
0.629877
0.630111
0.630345
0.630579
0.630813
0.631046
0.631280
0.631514
0.631748
0.631982
0.632216
0.632449
0.632683
0.632917
0.633151
0.633385
0.633619
0.633853
0.634087
0.634321
0.634554
0.634788
0.635022
0.635256
0.635490
0.635724
0.635958
0.636192
0.636426
0.636660
0.636894
0.637128
0.637363
0.637597
0.637831
0.638065
0.638299
0.638533
0.638767
0.639001
0.639235
0.639469
0.639704
0.639938
0.640172
0.640406
0.640640
0.640874
0.641109
0.641343
0.641577
0.641811
0.642046
0.642280
0.642514
0.642748
0.642983
0.643217
0.643451
0.643686
0.643920
0.644154
0.644389
0.644623
0.644857
0.645092
0.645326
0.645560
0.645795
0.646029
0.646264
0.646498
0.646732
0.646967
0.647201
0.647436
0.647670
0.647905
0.648139
0.648374
0.648608
0.648843
0.649077
0.649312
0.649546
0.649781
0.650015
0.650250
0.650485
0.650719
0.650954
0.651188
0.651423
0.651658
0.651892
0.652127
0.652362
0.652596
0.652831
0.653066
0.653300
0.653535
0.653770
0.654004
0.654239
0.654474
0.654709
0.654943
0.655178
0.655413
0.655648
0.655882
0.656117
0.656352
0.656587
0.656822
0.657057
0.657291
0.657526
0.657761
0.657996
0.658231
0.658466
0.658701
0.658936
0.659171
0.659405
0.659640
0.659875
0.660110
0.660345
0.660580
0.660815
0.661050
0.661285
0.661520
0.661755
0.661990
0.662225
0.662460
0.662695
0.662930
0.663166
0.663401
0.663636
0.663871
0.664106
0.664341
0.664576
0.664811
0.665046
0.665282
0.665517
0.665752
0.665987
0.666222
0.666458
0.666693
0.666928
0.667163
0.667398
0.667634
0.667869
0.668104
0.668339
0.668575
0.668810
0.669045
0.669281
0.669516
0.669751
0.669987
0.670222
0.670457
0.670693
0.670928
0.671163
0.671399
0.671634
0.671870
0.672105
0.672340
0.672576
0.672811
0.673047
0.673282
0.673518
0.673753
0.673989
0.674224
0.674460
0.674695
0.674931
0.675166
0.675402
0.675637
0.675873
0.676109
0.676344
0.676580
0.676815
0.677051
0.677286
0.677522
0.677758
0.677993
0.678229
0.678465
0.678700
0.678936
0.679172
0.679407
0.679643
0.679879
0.680114
0.680350
0.680586
0.680822
0.681057
0.681293
0.681529
0.681765
0.682000
0.682236
0.682472
0.682708
0.682944
0.683179
0.683415
0.683651
0.683887
0.684123
0.684359
0.684595
0.684830
0.685066
0.685302
0.685538
0.685774
0.686010
0.686246
0.686482
0.686718
0.686954
0.687190
0.687426
0.687662
0.687898
0.688134
0.688370
0.688606
0.688842
0.689078
0.689314
0.689550
0.689786
0.690022
0.690258
0.690494
0.690730
0.690966
0.691202
0.691438
0.691675
0.691911
0.692147
0.692383
0.692619
0.692855
0.693091
0.693327
0.693564
0.693800
0.694036
0.694272
0.694508
0.694745
0.694981
0.695217
0.695453
0.695690
0.695926
0.696162
0.696398
0.696635
0.696871
0.697107
0.697343
0.697580
0.697816
0.698052
0.698289
0.698525
0.698761
0.698998
0.699234
0.699470
0.699707
0.699943
0.700180
0.700416
0.700652
0.700889
0.701125
0.701362
0.701598
0.701834
0.702071
0.702307
0.702544
0.702780
0.703017
0.703253
0.703490
0.703726
0.703963
0.704199
0.704436
0.704672
0.704909
0.705145
0.705382
0.705618
0.705855
0.706091
0.706328
0.706565
0.706801
0.707038
0.707274
0.707511
0.707747
0.707984
0.708221
0.708457
0.708694
0.708931
0.709167
0.709404
0.709641
0.709877
0.710114
0.710351
0.710587
0.710824
0.711061
0.711297
0.711534
0.711771
0.712008
0.712244
0.712481
0.712718
0.712954
0.713191
0.713428
0.713665
0.713902
0.714138
0.714375
0.714612
0.714849
0.715085
0.715322
0.715559
0.715796
0.716033
0.716270
0.716506
0.716743
0.716980
0.717217
0.717454
0.717691
0.717928
0.718165
0.718401
0.718638
0.718875
0.719112
0.719349
0.719586
0.719823
0.720060
0.720297
0.720534
0.720771
0.721008
0.721245
0.721482
0.721719
0.721956
0.722193
0.722430
0.722667
0.722904
0.723141
0.723378
0.723615
0.723852
0.724089
0.724326
0.724563
0.724800
0.725037
0.725274
0.725511
0.725748
0.725985
0.726222
0.726459
0.726696
0.726933
0.727171
0.727408
0.727645
0.727882
0.728119
0.728356
0.728593
0.728830
0.729068
0.729305
0.729542
0.729779
0.730016
0.730253
0.730491
0.730728
0.730965
0.731202
0.731439
0.731677
0.731914
0.732151
0.732388
0.732626
0.732863
0.733100
0.733337
0.733575
0.733812
0.734049
0.734286
0.734524
0.734761
0.734998
0.735235
0.735473
0.735710
0.735947
0.736185
0.736422
0.736659
0.736897
0.737134
0.737371
0.737609
0.737846
0.738083
0.738321
0.738558
0.738795
0.739033
0.739270
0.739507
0.739745
0.739982
0.740220
0.740457
0.740694
0.740932
0.741169
0.741407
0.741644
0.741881
0.742119
0.742356
0.742594
0.742831
0.743069
0.743306
0.743543
0.743781
0.744018
0.744256
0.744493
0.744731
0.744968
0.745206
0.745443
0.745681
0.745918
0.746156
0.746393
0.746631
0.746868
0.747106
0.747343
0.747581
0.747818
0.748056
0.748293
0.748531
0.748768
0.749006
0.749244
0.749481
0.749719
0.749956
0.750194
0.750431
0.750669
0.750907
0.751144
0.751382
0.751619
0.751857
0.752095
0.752332
0.752570
0.752807
0.753045
0.753283
0.753520
0.753758
0.753996
0.754233
0.754471
0.754708
0.754946
0.755184
0.755421
0.755659
0.755897
0.756134
0.756372
0.756610
0.756847
0.757085
0.757323
0.757560
0.757798
0.758036
0.758274
0.758511
0.758749
0.758987
0.759224
0.759462
0.759700
0.759938
0.760175
0.760413
0.760651
0.760889
0.761126
0.761364
0.761602
0.761840
0.762077
0.762315
0.762553
0.762791
0.763028
0.763266
0.763504
0.763742
0.763979
0.764217
0.764455
0.764693
0.764931
0.765168
0.765406
0.765644
0.765882
0.766120
0.766357
0.766595
0.766833
0.767071
0.767309
0.767547
0.767784
0.768022
0.768260
0.768498
0.768736
0.768974
0.769211
0.769449
0.769687
0.769925
0.770163
0.770401
0.770639
0.770876
0.771114
0.771352
0.771590
0.771828
0.772066
0.772304
0.772542
0.772779
0.773017
0.773255
0.773493
0.773731
0.773969
0.774207
0.774445
0.774683
0.774921
0.775159
0.775396
0.775634
0.775872
0.776110
0.776348
0.776586
0.776824
0.777062
0.777300
0.777538
0.777776
0.778014
0.778252
0.778490
0.778728
0.778966
0.779204
0.779442
0.779680
0.779918
0.780156
0.780394
0.780632
0.780870
0.781108
0.781346
0.781584
0.781822
0.782060
0.782298
0.782536
0.782774
0.783012
0.783250
0.783488
0.783726
0.783964
0.784202
0.784440
0.784678
0.784916
0.785154
0.785392
0.785630
0.785868
0.786106
0.786344
0.786582
0.786820
0.787058
0.787297
0.787535
0.787773
0.788011
0.788249
0.788487
0.788725
0.788963
0.789201
0.789439
0.789677
0.789916
0.790154
0.790392
0.790630
0.790868
0.791106
0.791344
0.791582
0.791821
0.792059
0.792297
0.792535
0.792773
0.793011
0.793249
0.793488
0.793726
0.793964
0.794202
0.794440
0.794679
0.794917
0.795155
0.795393
0.795631
0.795869
0.796108
0.796346
0.796584
0.796822
0.797060
0.797299
0.797537
0.797775
0.798013
0.798252
0.798490
0.798728
0.798966
0.799205
0.799443
0.799681
0.799919
0.800157
0.800396
0.800634
0.800872
0.801111
0.801349
0.801587
0.801825
0.802064
0.802302
0.802540
0.802779
0.803017
0.803255
0.803493
0.803732
0.803970
0.804208
0.804447
0.804685
0.804923
0.805162
0.805400
0.805638
0.805877
0.806115
0.806353
0.806592
0.806830
0.807068
0.807307
0.807545
0.807783
0.808022
0.808260
0.808499
0.808737
0.808975
0.809214
0.809452
0.809690
0.809929
0.810167
0.810406
0.810644
0.810882
0.811121
0.811359
0.811598
0.811836
0.812075
0.812313
0.812551
0.812790
0.813028
0.813267
0.813505
0.813744
0.813982
0.814221
0.814459
0.814698
0.814936
0.815174
0.815413
0.815651
0.815890
0.816128
0.816367
0.816605
0.816844
0.817082
0.817321
0.817559
0.817798
0.818036
0.818275
0.818513
0.818752
0.818991
0.819229
0.819468
0.819706
0.819945
0.820183
0.820422
0.820660
0.820899
0.821137
0.821376
0.821615
0.821853
0.822092
0.822330
0.822569
0.822808
0.823046
0.823285
0.823523
0.823762
0.824001
0.824239
0.824478
0.824716
0.824955
0.825194
0.825432
0.825671
0.825910
0.826148
0.826387
0.826625
0.826864
0.827103
0.827341
0.827580
0.827819
0.828057
0.828296
0.828535
0.828774
0.829012
0.829251
0.829490
0.829728
0.829967
0.830206
0.830444
0.830683
0.830922
0.831161
0.831399
0.831638
0.831877
0.832116
0.832354
0.832593
0.832832
0.833070
0.833309
0.833548
0.833787
0.834026
0.834264
0.834503
0.834742
0.834981
0.835219
0.835458
0.835697
0.835936
0.836175
0.836413
0.836652
0.836891
0.837130
0.837369
0.837608
0.837846
0.838085
0.838324
0.838563
0.838802
0.839041
0.839279
0.839518
0.839757
0.839996
0.840235
0.840474
0.840713
0.840952
0.841190
0.841429
0.841668
0.841907
0.842146
0.842385
0.842624
0.842863
0.843102
0.843341
0.843580
0.843819
0.844057
0.844296
0.844535
0.844774
0.845013
0.845252
0.845491
0.845730
0.845969
0.846208
0.846447
0.846686
0.846925
0.847164
0.847403
0.847642
0.847881
0.848120
0.848359
0.848598
0.848837
0.849076
0.849315
0.849554
0.849793
0.850032
0.850271
0.850510
0.850749
0.850988
0.851227
0.851467
0.851706
0.851945
0.852184
0.852423
0.852662
0.852901
0.853140
0.853379
0.853618
0.853857
0.854096
0.854336
0.854575
0.854814
0.855053
0.855292
0.855531
0.855770
0.856010
0.856249
0.856488
0.856727
0.856966
0.857205
0.857444
0.857684
0.857923
0.858162
0.858401
0.858640
0.858880
0.859119
0.859358
0.859597
0.859836
0.860076
0.860315
0.860554
0.860793
0.861033
0.861272
0.861511
0.861750
0.861990
0.862229
0.862468
0.862707
0.862947
0.863186
0.863425
0.863664
0.863904
0.864143
0.864382
0.864622
0.864861
0.865100
0.865339
0.865579
0.865818
0.866057
0.866297
0.866536
0.866775
0.867015
0.867254
0.867493
0.867733
0.867972
0.868212
0.868451
0.868690
0.868930
0.869169
0.869408
0.869648
0.869887
0.870127
0.870366
0.870605
0.870845
0.871084
0.871324
0.871563
0.871803
0.872042
0.872281
0.872521
0.872760
0.873000
0.873239
0.873479
0.873718
0.873958
0.874197
0.874437
0.874676
0.874916
0.875155
0.875395
0.875634
0.875874
0.876113
0.876353
0.876592
0.876832
0.877071
0.877311
0.877550
0.877790
0.878029
0.878269
0.878508
0.878748
0.878987
0.879227
0.879467
0.879706
0.879946
0.880185
0.880425
0.880664
0.880904
0.881144
0.881383
0.881623
0.881862
0.882102
0.882342
0.882581
0.882821
0.883061
0.883300
0.883540
0.883780
0.884019
0.884259
0.884498
0.884738
0.884978
0.885217
0.885457
0.885697
0.885937
0.886176
0.886416
0.886656
0.886895
0.887135
0.887375
0.887614
0.887854
0.888094
0.888334
0.888573
0.888813
0.889053
0.889293
0.889532
0.889772
0.890012
0.890252
0.890491
0.890731
0.890971
0.891211
0.891450
0.891690
0.891930
0.892170
0.892410
0.892649
0.892889
0.893129
0.893369
0.893609
0.893848
0.894088
0.894328
0.894568
0.894808
0.895048
0.895287
0.895527
0.895767
0.896007
0.896247
0.896487
0.896727
0.896966
0.897206
0.897446
0.897686
0.897926
0.898166
0.898406
0.898646
0.898886
0.899126
0.899365
0.899605
0.899845
0.900085
0.900325
0.900565
0.900805
0.901045
0.901285
0.901525
0.901765
0.902005
0.902245
0.902485
0.902725
0.902965
0.903205
0.903445
0.903685
0.903925
0.904165
0.904405
0.904645
0.904885
0.905125
0.905365
0.905605
0.905845
0.906085
0.906325
0.906565
0.906805
0.907045
0.907285
0.907525
0.907765
0.908005
0.908245
0.908486
0.908726
0.908966
0.909206
0.909446
0.909686
0.909926
0.910166
0.910406
0.910646
0.910887
0.911127
0.911367
0.911607
0.911847
0.912087
0.912327
0.912567
0.912808
0.913048
0.913288
0.913528
0.913768
0.914008
0.914249
0.914489
0.914729
0.914969
0.915209
0.915450
0.915690
0.915930
0.916170
0.916410
0.916651
0.916891
0.917131
0.917371
0.917612
0.917852
0.918092
0.918332
0.918573
0.918813
0.919053
0.919293
0.919534
0.919774
0.920014
0.920254
0.920495
0.920735
0.920975
0.921216
0.921456
0.921696
0.921936
0.922177
0.922417
0.922657
0.922898
0.923138
0.923378
0.923619
0.923859
0.924099
0.924340
0.924580
0.924820
0.925061
0.925301
0.925542
0.925782
0.926022
0.926263
0.926503
0.926743
0.926984
0.927224
0.927465
0.927705
0.927945
0.928186
0.928426
0.928667
0.928907
0.929148
0.929388
0.929628
0.929869
0.930109
0.930350
0.930590
0.930831
0.931071
0.931312
0.931552
0.931793
0.932033
0.932274
0.932514
0.932754
0.932995
0.933235
0.933476
0.933716
0.933957
0.934198
0.934438
0.934679
0.934919
0.935160
0.935400
0.935641
0.935881
0.936122
0.936362
0.936603
0.936843
0.937084
0.937325
0.937565
0.937806
0.938046
0.938287
0.938527
0.938768
0.939009
0.939249
0.939490
0.939730
0.939971
0.940212
0.940452
0.940693
0.940934
0.941174
0.941415
0.941655
0.941896
0.942137
0.942377
0.942618
0.942859
0.943099
0.943340
0.943581
0.943821
0.944062
0.944303
0.944543
0.944784
0.945025
0.945265
0.945506
0.945747
0.945988
0.946228
0.946469
0.946710
0.946950
0.947191
0.947432
0.947673
0.947913
0.948154
0.948395
0.948636
0.948876
0.949117
0.949358
0.949599
0.949839
0.950080
0.950321
0.950562
0.950803
0.951043
0.951284
0.951525
0.951766
0.952007
0.952247
0.952488
0.952729
0.952970
0.953211
0.953452
0.953692
0.953933
0.954174
0.954415
0.954656
0.954897
0.955137
0.955378
0.955619
0.955860
0.956101
0.956342
0.956583
0.956824
0.957064
0.957305
0.957546
0.957787
0.958028
0.958269
0.958510
0.958751
0.958992
0.959233
0.959474
0.959715
0.959955
0.960196
0.960437
0.960678
0.960919
0.961160
0.961401
0.961642
0.961883
0.962124
0.962365
0.962606
0.962847
0.963088
0.963329
0.963570
0.963811
0.964052
0.964293
0.964534
0.964775
0.965016
0.965257
0.965498
0.965739
0.965980
0.966221
0.966462
0.966703
0.966944
0.967185
0.967426
0.967668
0.967909
0.968150
0.968391
0.968632
0.968873
0.969114
0.969355
0.969596
0.969837
0.970078
0.970320
0.970561
0.970802
0.971043
0.971284
0.971525
0.971766
0.972007
0.972249
0.972490
0.972731
0.972972
0.973213
0.973454
0.973696
0.973937
0.974178
0.974419
0.974660
0.974901
0.975143
0.975384
0.975625
0.975866
0.976108
0.976349
0.976590
0.976831
0.977072
0.977314
0.977555
0.977796
0.978037
0.978279
0.978520
0.978761
0.979002
0.979244
0.979485
0.979726
0.979968
0.980209
0.980450
0.980691
0.980933
0.981174
0.981415
0.981657
0.981898
0.982139
0.982381
0.982622
0.982863
0.983105
0.983346
0.983587
0.983829
0.984070
0.984312
0.984553
0.984794
0.985036
0.985277
0.985518
0.985760
0.986001
0.986243
0.986484
0.986726
0.986967
0.987208
0.987450
0.987691
0.987933
0.988174
0.988416
0.988657
0.988899
0.989140
0.989382
0.989623
0.989864
0.990106
0.990347
0.990589
0.990830
0.991072
0.991313
0.991555
0.991797
0.992038
0.992280
0.992521
0.992763
0.993004
0.993246
0.993487
0.993729
0.993970
0.994212
0.994454
0.994695
0.994937
0.995178
0.995420
0.995662
0.995903
0.996145
0.996386
0.996628
0.996870
0.997111
0.997353
0.997595
0.997836
0.998078
0.998320
0.998561
0.998803
0.999045
0.999286
0.999528
0.999770
1.000011
1.000253
1.000495
1.000737
1.000978
1.001220
1.001462
1.001703
1.001945
1.002187
1.002429
1.002670
1.002912
1.003154
1.003396
1.003638
1.003879
1.004121
1.004363
1.004605
1.004847
1.005088
1.005330
1.005572
1.005814
1.006056
1.006298
1.006539
1.006781
1.007023
1.007265
1.007507
1.007749
1.007991
1.008232
1.008474
1.008716
1.008958
1.009200
1.009442
1.009684
1.009926
1.010168
1.010410
1.010652
1.010894
1.011136
1.011378
1.011620
1.011861
1.012103
1.012345
1.012587
1.012829
1.013071
1.013313
1.013555
1.013797
1.014040
1.014282
1.014524
1.014766
1.015008
1.015250
1.015492
1.015734
1.015976
1.016218
1.016460
1.016702
1.016944
1.017186
1.017428
1.017671
1.017913
1.018155
1.018397
1.018639
1.018881
1.019123
1.019366
1.019608
1.019850
1.020092
1.020334
1.020576
1.020819
1.021061
1.021303
1.021545
1.021787
1.022030
1.022272
1.022514
1.022756
1.022999
1.023241
1.023483
1.023725
1.023968
1.024210
1.024452
1.024695
1.024937
1.025179
1.025421
1.025664
1.025906
1.026148
1.026391
1.026633
1.026875
1.027118
1.027360
1.027603
1.027845
1.028087
1.028330
1.028572
1.028814
1.029057
1.029299
1.029542
1.029784
1.030027
1.030269
1.030511
1.030754
1.030996
1.031239
1.031481
1.031724
1.031966
1.032209
1.032451
1.032694
1.032936
1.033179
1.033421
1.033664
1.033906
1.034149
1.034391
1.034634
1.034877
1.035119
1.035362
1.035604
1.035847
1.036089
1.036332
1.036575
1.036817
1.037060
1.037302
1.037545
1.037788
1.038030
1.038273
1.038516
1.038758
1.039001
1.039244
1.039486
1.039729
1.039972
1.040215
1.040457
1.040700
1.040943
1.041185
1.041428
1.041671
1.041914
1.042156
1.042399
1.042642
1.042885
1.043128
1.043370
1.043613
1.043856
1.044099
1.044342
1.044584
1.044827
1.045070
1.045313
1.045556
1.045799
1.046042
1.046284
1.046527
1.046770
1.047013
1.047256
1.047499
1.047742
1.047985
1.048228
1.048471
1.048714
1.048957
1.049200
1.049443
1.049686
1.049929
1.050172
1.050415
1.050658
1.050901
1.051144
1.051387
1.051630
1.051873
1.052116
1.052359
1.052602
1.052845
1.053088
1.053331
1.053574
1.053817
1.054060
1.054304
1.054547
1.054790
1.055033
1.055276
1.055519
1.055762
1.056006
1.056249
1.056492
1.056735
1.056978
1.057222
1.057465
1.057708
1.057951
1.058194
1.058438
1.058681
1.058924
1.059167
1.059411
1.059654
1.059897
1.060141
1.060384
1.060627
1.060871
1.061114
1.061357
1.061601
1.061844
1.062087
1.062331
1.062574
1.062817
1.063061
1.063304
1.063547
1.063791
1.064034
1.064278
1.064521
1.064765
1.065008
1.065251
1.065495
1.065738
1.065982
1.066225
1.066469
1.066712
1.066956
1.067199
1.067443
1.067686
1.067930
1.068173
1.068417
1.068660
1.068904
1.069147
1.069391
1.069634
1.069878
1.070122
1.070365
1.070609
1.070852
1.071096
1.071340
1.071583
1.071827
1.072070
1.072314
1.072558
1.072801
1.073045
1.073289
1.073532
1.073776
1.074020
1.074263
1.074507
1.074751
1.074994
1.075238
1.075482
1.075725
1.075969
1.076213
1.076457
1.076700
1.076944
1.077188
1.077432
1.077675
1.077919
1.078163
1.078407
1.078650
1.078894
1.079138
1.079382
1.079626
1.079869
1.080113
1.080357
1.080601
1.080845
1.081089
1.081332
1.081576
1.081820
1.082064
1.082308
1.082552
1.082796
1.083039
1.083283
1.083527
1.083771
1.084015
1.084259
1.084503
1.084747
1.084991
1.085235
1.085478
1.085722
1.085966
1.086210
1.086454
1.086698
1.086942
1.087186
1.087430
1.087674
1.087918
1.088162
1.088406
1.088650
1.088894
1.089138
1.089382
1.089626
1.089870
1.090114
1.090358
1.090602
1.090846
1.091090
1.091334
1.091578
1.091822
1.092067
1.092311
1.092555
1.092799
1.093043
1.093287
1.093531
1.093775
1.094019
1.094263
1.094507
1.094751
1.094996
1.095240
1.095484
1.095728
1.095972
1.096216
1.096460
1.096705
1.096949
1.097193
1.097437
1.097681
1.097925
1.098169
1.098414
1.098658
1.098902
1.099146
1.099390
1.099635
1.099879
1.100123
1.100367
1.100611
1.100856
1.101100
1.101344
1.101588
1.101833
1.102077
1.102321
1.102565
1.102809
1.103054
1.103298
1.103542
1.103786
1.104031
1.104275
1.104519
1.104764
1.105008
1.105252
1.105496
1.105741
1.105985
1.106229
1.106474
1.106718
1.106962
1.107206
1.107451
1.107695
1.107939
1.108184
1.108428
1.108672
1.108917
1.109161
1.109405
1.109650
1.109894
1.110138
1.110383
1.110627
1.110871
1.111116
1.111360
1.111605
1.111849
1.112093
1.112338
1.112582
1.112826
1.113071
1.113315
1.113560
1.113804
1.114048
1.114293
1.114537
1.114782
1.115026
1.115270
1.115515
1.115759
1.116004
1.116248
1.116492
1.116737
1.116981
1.117226
1.117470
1.117715
1.117959
1.118203
1.118448
1.118692
1.118937
1.119181
1.119426
1.119670
1.119915
1.120159
1.120403
1.120648
1.120892
1.121137
1.121381
1.121626
1.121870
1.122115
1.122359
1.122604
1.122848
1.123093
1.123337
1.123582
1.123826
1.124071
1.124315
1.124560
1.124804
1.125049
1.125293
1.125538
1.125782
1.126027
1.126271
1.126516
1.126760
1.127005
1.127249
1.127494
1.127738
1.127983
1.128227
1.128472
1.128716
1.128961
1.129205
1.129450
1.129694
1.129939
1.130183
1.130428
1.130673
1.130917
1.131162
1.131406
1.131651
1.131895
1.132140
1.132384
1.132629
1.132873
1.133118
1.133362
1.133607
1.133852
1.134096
1.134341
1.134585
1.134830
1.135074
1.135319
1.135563
1.135808
1.136053
1.136297
1.136542
1.136786
1.137031
1.137275
1.137520
1.137765
1.138009
1.138254
1.138498
1.138743
1.138987
1.139232
1.139477
1.139721
1.139966
1.140210
1.140455
1.140699
1.140944
1.141189
1.141433
1.141678
1.141922
1.142167
1.142412
1.142656
1.142901
1.143145
1.143390
1.143634
1.143879
1.144124
1.144368
1.144613
1.144857
1.145102
1.145347
1.145591
1.145836
1.146080
1.146325
1.146569
1.146814
1.147059
1.147303
1.147548
1.147792
1.148037
1.148282
1.148526
1.148771
1.149015
1.149260
1.149505
1.149749
1.149994
1.150238
1.150483
1.150727
1.150972
1.151217
1.151461
1.151706
1.151950
1.152195
1.152440
1.152684
1.152929
1.153173
1.153418
1.153662
1.153907
1.154152
1.154396
1.154641
1.154885
1.155130
1.155375
1.155619
1.155864
1.156108
1.156353
1.156597
1.156842
1.157087
1.157331
1.157576
1.157820
1.158065
1.158309
1.158554
1.158799
1.159043
1.159288
1.159532
1.159777
1.160021
1.160266
1.160511
1.160755
1.161000
1.161244
1.161489
1.161733
1.161978
1.162223
1.162467
1.162712
1.162956
1.163201
1.163445
1.163690
1.163935
1.164179
1.164424
1.164668
1.164913
1.165157
1.165402
1.165647
1.165891
1.166136
1.166380
1.166625
1.166869
1.167114
1.167359
1.167603
1.167848
1.168092
1.168337
1.168581
1.168826
1.169071
1.169315
1.169560
1.169804
1.170049
1.170293
1.170538
1.170783
1.171027
1.171272
1.171516
1.171761
1.172006
1.172250
1.172495
1.172739
1.172984
1.173228
1.173473
1.173718
1.173962
1.174207
1.174451
1.174696
1.174941
1.175185
1.175430
1.175674
1.175919
1.176163
1.176408
1.176653
1.176897
1.177142
1.177386
1.177631
1.177876
1.178120
1.178365
1.178609
1.178854
1.179099
1.179343
1.179588
1.179832
1.180077
1.180322
1.180566
1.180811
1.181055
1.181300
1.181545
1.181789
1.182034
1.182278
1.182523
1.182768
1.183012
1.183257
1.183502
1.183746
1.183991
1.184235
1.184480
1.184725
1.184969
1.185214
1.185459
1.185703
1.185948
1.186192
1.186437
1.186682
1.186926
1.187171
1.187416
1.187660
1.187905
1.188149
1.188394
1.188639
1.188883
1.189128
1.189373
1.189617
1.189862
1.190107
1.190351
1.190596
1.190841
1.191085
1.191330
1.191575
1.191819
1.192064
1.192309
1.192553
1.192798
1.193043
1.193287
1.193532
1.193777
1.194021
1.194266
1.194511
1.194755
1.195000
1.195245
1.195489
1.195734
1.195979
1.196224
1.196468
1.196713
1.196958
1.197202
1.197447
1.197692
1.197936
1.198181
1.198426
1.198671
1.198915
1.199160
1.199405
1.199649
1.199894
1.200139
1.200384
1.200628
1.200873
1.201118
1.201363
1.201607
1.201852
1.202097
1.202342
1.202586
1.202831
1.203076
1.203321
1.203565
1.203810
1.204055
1.204300
1.204544
1.204789
1.205034
1.205279
1.205524
1.205768
1.206013
1.206258
1.206503
1.206747
1.206992
1.207237
1.207482
1.207727
1.207971
1.208216
1.208461
1.208706
1.208951
1.209196
1.209440
1.209685
1.209930
1.210175
1.210420
1.210664
1.210909
1.211154
1.211399
1.211644
1.211889
1.212134
1.212378
1.212623
1.212868
1.213113
1.213358
1.213603
1.213848
1.214092
1.214337
1.214582
1.214827
1.215072
1.215317
1.215562
1.215807
1.216052
1.216296
1.216541
1.216786
1.217031
1.217276
1.217521
1.217766
1.218011
1.218256
1.218501
1.218746
1.218991
1.219235
1.219480
1.219725
1.219970
1.220215
1.220460
1.220705
1.220950
1.221195
1.221440
1.221685
1.221930
1.222175
1.222420
1.222665
1.222910
1.223155
1.223400
1.223645
1.223890
1.224135
1.224380
1.224625
1.224870
1.225115
1.225360
1.225605
1.225850
1.226095
1.226340
1.226585
1.226830
1.227075
1.227320
1.227565
1.227810
1.228055
1.228301
1.228546
1.228791
1.229036
1.229281
1.229526
1.229771
1.230016
1.230261
1.230506
1.230751
1.230997
1.231242
1.231487
1.231732
1.231977
1.232222
1.232467
1.232712
1.232958
1.233203
1.233448
1.233693
1.233938
1.234183
1.234428
1.234674
1.234919
1.235164
1.235409
1.235654
1.235900
1.236145
1.236390
1.236635
1.236880
1.237126
1.237371
1.237616
1.237861
1.238106
1.238352
1.238597
1.238842
1.239087
1.239333
1.239578
1.239823
1.240068
1.240314
1.240559
1.240804
1.241050
1.241295
1.241540
1.241785
1.242031
1.242276
1.242521
1.242767
1.243012
1.243257
1.243503
1.243748
1.243993
1.244239
1.244484
1.244729
1.244975
1.245220
1.245465
1.245711
1.245956
1.246201
1.246447
1.246692
1.246938
1.247183
1.247428
1.247674
1.247919
1.248165
1.248410
1.248656
1.248901
1.249146
1.249392
1.249637
1.249883
1.250128
1.250374
1.250619
1.250865
1.251110
1.251356
1.251601
1.251847
1.252092
1.252338
1.252583
1.252829
1.253074
1.253320
1.253565
1.253811
1.254056
1.254302
1.254547
1.254793
1.255038
1.255284
1.255530
1.255775
1.256021
1.256266
1.256512
1.256758
1.257003
1.257249
1.257494
1.257740
1.257986
1.258231
1.258477
1.258722
1.258968
1.259214
1.259459
1.259705
1.259951
1.260196
1.260442
1.260688
1.260933
1.261179
1.261425
1.261670
1.261916
1.262162
1.262408
1.262653
1.262899
1.263145
1.263391
1.263636
1.263882
1.264128
1.264373
1.264619
1.264865
1.265111
1.265357
1.265602
1.265848
1.266094
1.266340
1.266585
1.266831
1.267077
1.267323
1.267569
1.267815
1.268060
1.268306
1.268552
1.268798
1.269044
1.269290
1.269535
1.269781
1.270027
1.270273
1.270519
1.270765
1.271011
1.271257
1.271502
1.271748
1.271994
1.272240
1.272486
1.272732
1.272978
1.273224
1.273470
1.273716
1.273962
1.274208
1.274453
1.274699
1.274945
1.275191
1.275437
1.275683
1.275929
1.276175
1.276421
1.276667
1.276913
1.277159
1.277405
1.277651
1.277897
1.278143
1.278389
1.278635
1.278881
1.279127
1.279373
1.279619
1.279866
1.280112
1.280358
1.280604
1.280850
1.281096
1.281342
1.281588
1.281834
1.282080
1.282326
1.282572
1.282819
1.283065
1.283311
1.283557
1.283803
1.284049
1.284295
1.284541
1.284788
1.285034
1.285280
1.285526
1.285772
1.286018
1.286264
1.286511
1.286757
1.287003
1.287249
1.287495
1.287742
1.287988
1.288234
1.288480
1.288726
1.288973
1.289219
1.289465
1.289711
1.289958
1.290204
1.290450
1.290696
1.290943
1.291189
1.291435
1.291681
1.291928
1.292174
1.292420
1.292666
1.292913
1.293159
1.293405
1.293652
1.293898
1.294144
1.294390
1.294637
1.294883
1.295129
1.295376
1.295622
1.295868
1.296115
1.296361
1.296608
1.296854
1.297100
1.297347
1.297593
1.297839
1.298086
1.298332
1.298578
1.298825
1.299071
1.299318
1.299564
1.299810
1.300057
1.300303
1.300550
1.300796
1.301043
1.301289
1.301535
1.301782
1.302028
1.302275
1.302521
1.302768
1.303014
1.303261
1.303507
1.303753
1.304000
1.304246
1.304493
1.304739
1.304986
1.305232
1.305479
1.305725
1.305972
1.306218
1.306465
1.306711
1.306958
1.307205
1.307451
1.307698
1.307944
1.308191
1.308437
1.308684
1.308930
1.309177
1.309423
1.309670
1.309917
1.310163
1.310410
1.310656
1.310903
1.311150
1.311396
1.311643
1.311889
1.312136
1.312383
1.312629
1.312876
1.313122
1.313369
1.313616
1.313862
1.314109
1.314356
1.314602
1.314849
1.315095
1.315342
1.315589
1.315835
1.316082
1.316329
1.316575
1.316822
1.317069
1.317316
1.317562
1.317809
1.318056
1.318302
1.318549
1.318796
1.319042
1.319289
1.319536
1.319783
1.320029
1.320276
1.320523
1.320770
1.321016
1.321263
1.321510
1.321757
1.322003
1.322250
1.322497
1.322744
1.322990
1.323237
1.323484
1.323731
1.323977
1.324224
1.324471
1.324718
1.324965
1.325211
1.325458
1.325705
1.325952
1.326199
1.326446
1.326692
1.326939
1.327186
1.327433
1.327680
1.327927
1.328173
1.328420
1.328667
1.328914
1.329161
1.329408
1.329655
1.329901
1.330148
1.330395
1.330642
1.330889
1.331136
1.331383
1.331630
1.331877
1.332123
1.332370
1.332617
1.332864
1.333111
1.333358
1.333605
1.333852
1.334099
1.334346
1.334593
1.334840
1.335087
1.335334
1.335580
1.335827
1.336074
1.336321
1.336568
1.336815
1.337062
1.337309
1.337556
1.337803
1.338050
1.338297
1.338544
1.338791
1.339038
1.339285
1.339532
1.339779
1.340026
1.340273
1.340520
1.340767
1.341014
1.341261
1.341508
1.341755
1.342002
1.342249
1.342496
1.342744
1.342991
1.343238
1.343485
1.343732
1.343979
1.344226
1.344473
1.344720
1.344967
1.345214
1.345461
1.345708
1.345955
1.346203
1.346450
1.346697
1.346944
1.347191
1.347438
1.347685
1.347932
1.348179
1.348426
1.348674
1.348921
1.349168
1.349415
1.349662
1.349909
1.350156
1.350404
1.350651
1.350898
1.351145
1.351392
1.351639
1.351887
1.352134
1.352381
1.352628
1.352875
1.353122
1.353370
1.353617
1.353864
1.354111
1.354358
1.354605
1.354853
1.355100
1.355347
1.355594
1.355842
1.356089
1.356336
1.356583
1.356830
1.357078
1.357325
1.357572
1.357819
1.358067
1.358314
1.358561
1.358808
1.359056
1.359303
1.359550
1.359797
1.360045
1.360292
1.360539
1.360786
1.361034
1.361281
1.361528
1.361775
1.362023
1.362270
1.362517
1.362765
1.363012
1.363259
1.363506
1.363754
1.364001
1.364248
1.364496
1.364743
1.364990
1.365238
1.365485
1.365732
1.365980
1.366227
1.366474
1.366722
1.366969
1.367216
1.367464
1.367711
1.367958
1.368206
1.368453
1.368700
1.368948
1.369195
1.369442
1.369690
1.369937
1.370184
1.370432
1.370679
1.370927
1.371174
1.371421
1.371669
1.371916
1.372163
1.372411
1.372658
1.372906
1.373153
1.373400
1.373648
1.373895
1.374143
1.374390
1.374637
1.374885
1.375132
1.375380
1.375627
1.375875
1.376122
1.376369
1.376617
1.376864
1.377112
1.377359
1.377607
1.377854
1.378101
1.378349
1.378596
1.378844
1.379091
1.379339
1.379586
1.379834
1.380081
1.380328
1.380576
1.380823
1.381071
1.381318
1.381566
1.381813
1.382061
1.382308
1.382556
1.382803
1.383051
1.383298
1.383546
1.383793
1.384041
1.384288
1.384536
1.384783
1.385031
1.385278
1.385526
1.385773
1.386021
1.386268
1.386516
1.386763
1.387011
1.387258
1.387506
1.387753
1.388001
1.388248
1.388496
1.388743
1.388991
1.389238
1.389486
1.389733
1.389981
1.390229
1.390476
1.390724
1.390971
1.391219
1.391466
1.391714
1.391961
1.392209
1.392456
1.392704
1.392952
1.393199
1.393447
1.393694
1.393942
1.394189
1.394437
1.394685
1.394932
1.395180
1.395427
1.395675
1.395922
1.396170
1.396418
1.396665
1.396913
1.397160
1.397408
1.397656
1.397903
1.398151
1.398398
1.398646
1.398894
1.399141
1.399389
1.399636
1.399884
1.400132
1.400379
1.400627
1.400874
1.401122
1.401370
1.401617
1.401865
1.402112
1.402360
1.402608
1.402855
1.403103
1.403351
1.403598
1.403846
1.404094
1.404341
1.404589
1.404836
1.405084
1.405332
1.405579
1.405827
1.406075
1.406322
1.406570
1.406818
1.407065
1.407313
1.407560
1.407808
1.408056
1.408303
1.408551
1.408799
1.409046
1.409294
1.409542
1.409789
1.410037
1.410285
1.410532
1.410780
1.411028
1.411275
1.411523
1.411771
1.412018
1.412266
1.412514
1.412761
1.413009
1.413257
1.413504
1.413752
1.414000
1.414248
1.414495
1.414743
1.414991
1.415238
1.415486
1.415734
1.415981
1.416229
1.416477
1.416724
1.416972
1.417220
1.417468
1.417715
1.417963
1.418211
1.418458
1.418706
1.418954
1.419201
1.419449
1.419697
1.419945
1.420192
1.420440
1.420688
1.420935
1.421183
1.421431
1.421678
1.421926
1.422174
1.422422
1.422669
1.422917
1.423165
1.423413
1.423660
1.423908
1.424156
1.424403
1.424651
1.424899
1.425147
1.425394
1.425642
1.425890
1.426137
1.426385
1.426633
1.426881
1.427128
1.427376
1.427624
1.427872
1.428119
1.428367
1.428615
1.428863
1.429110
1.429358
1.429606
1.429853
1.430101
1.430349
1.430597
1.430844
1.431092
1.431340
1.431588
1.431835
1.432083
1.432331
1.432579
1.432826
1.433074
1.433322
1.433570
1.433817
1.434065
1.434313
1.434561
1.434808
1.435056
1.435304
1.435552
1.435799
1.436047
1.436295
1.436543
1.436790
1.437038
1.437286
1.437534
1.437781
1.438029
1.438277
1.438525
1.438772
1.439020
1.439268
1.439516
1.439763
1.440011
1.440259
1.440507
1.440754
1.441002
1.441250
1.441498
1.441745
1.441993
1.442241
1.442489
1.442737
1.442984
1.443232
1.443480
1.443728
1.443975
1.444223
1.444471
1.444719
1.444966
1.445214
1.445462
1.445710
1.445957
1.446205
1.446453
1.446701
1.446948
1.447196
1.447444
1.447692
1.447940
1.448187
1.448435
1.448683
1.448931
1.449178
1.449426
1.449674
1.449922
1.450169
1.450417
1.450665
1.450913
1.451160
1.451408
1.451656
1.451904
1.452151
1.452399
1.452647
1.452895
1.453143
1.453390
1.453638
1.453886
1.454134
1.454381
1.454629
1.454877
1.455125
1.455372
1.455620
1.455868
1.456116
1.456363
1.456611
1.456859
1.457107
1.457355
1.457602
1.457850
1.458098
1.458346
1.458593
1.458841
1.459089
1.459337
1.459584
1.459832
1.460080
1.460328
1.460575
1.460823
1.461071
1.461319
1.461567
1.461814
1.462062
1.462310
1.462558
1.462805
1.463053
1.463301
1.463549
1.463796
1.464044
1.464292
1.464540
1.464787
1.465035
1.465283
1.465531
1.465778
1.466026
1.466274
1.466522
1.466770
1.467017
1.467265
1.467513
1.467761
1.468008
1.468256
1.468504
1.468752
1.468999
1.469247
1.469495
1.469743
1.469990
1.470238
1.470486
1.470734
1.470982
1.471229
1.471477
1.471725
1.471973
1.472220
1.472468
1.472716
1.472964
1.473211
1.473459
1.473707
1.473955
1.474202
1.474450
1.474698
1.474946
1.475193
1.475441
1.475689
1.475937
1.476185
1.476432
1.476680
1.476928
1.477176
1.477423
1.477671
1.477919
1.478167
1.478414
1.478662
1.478910
1.479158
1.479405
1.479653
1.479901
1.480149
1.480397
1.480644
1.480892
1.481140
1.481388
1.481635
1.481883
1.482131
1.482379
1.482626
1.482874
1.483122
1.483370
1.483617
1.483865
1.484113
1.484361
1.484609
1.484856
1.485104
1.485352
1.485600
1.485847
1.486095
1.486343
1.486591
1.486838
1.487086
1.487334
1.487582
1.487829
1.488077
1.488325
1.488573
1.488820
1.489068
1.489316
1.489564
1.489812
1.490059
1.490307
1.490555
1.490803
1.491050
1.491298
1.491546
1.491794
1.492041
1.492289
1.492537
1.492785
1.493032
1.493280
1.493528
1.493776
1.494024
1.494271
1.494519
1.494767
1.495015
1.495262
1.495510
1.495758
1.496006
1.496253
1.496501
1.496749
1.496997
1.497244
1.497492
1.497740
1.497988
1.498236
1.498483
1.498731
1.498979
1.499227
1.499474
1.499722
1.499970
1.500218
1.500465
1.500713
1.500961
1.501209
1.501456
1.501704
1.501952
1.502200
1.502447
1.502695
1.502943
1.503191
1.503439
1.503686
1.503934
1.504182
1.504430
1.504677
1.504925
1.505173
1.505421
1.505668
1.505916
1.506164
1.506412
1.506659
1.506907
1.507155
1.507403
1.507651
1.507898
1.508146
1.508394
1.508642
1.508889
1.509137
1.509385
1.509633
1.509880
1.510128
1.510376
1.510624
1.510871
1.511119
1.511367
1.511615
1.511863
1.512110
1.512358
1.512606
1.512854
1.513101
1.513349
1.513597
1.513845
1.514092
1.514340
1.514588
1.514836
1.515083
1.515331
1.515579
1.515827
1.516074
1.516322
1.516570
1.516818
1.517066
1.517313
1.517561
1.517809
1.518057
1.518304
1.518552
1.518800
1.519048
1.519295
1.519543
1.519791
1.520039
1.520286
1.520534
1.520782
1.521030
1.521278
1.521525
1.521773
1.522021
1.522269
1.522516
1.522764
1.523012
1.523260
1.523507
1.523755
1.524003
1.524251
1.524498
1.524746
1.524994
1.525242
1.525490
1.525737
1.525985
1.526233
1.526481
1.526728
1.526976
1.527224
1.527472
1.527719
1.527967
1.528215
1.528463
1.528710
1.528958
1.529206
1.529454
1.529701
1.529949
1.530197
1.530445
1.530693
1.530940
1.531188
1.531436
1.531684
1.531931
1.532179
1.532427
1.532675
1.532922
1.533170
1.533418
1.533666
1.533913
1.534161
1.534409
1.534657
1.534905
1.535152
1.535400
1.535648
1.535896
1.536143
1.536391
1.536639
1.536887
1.537134
1.537382
1.537630
1.537878
1.538125
1.538373
1.538621
1.538869
1.539116
1.539364
1.539612
1.539860
1.540108
1.540355
1.540603
1.540851
1.541099
1.541346
1.541594
1.541842
1.542090
1.542337
1.542585
1.542833
1.543081
1.543328
1.543576
1.543824
1.544072
1.544320
1.544567
1.544815
1.545063
1.545311
1.545558
1.545806
1.546054
1.546302
1.546549
1.546797
1.547045
1.547293
1.547540
1.547788
1.548036
1.548284
1.548532
1.548779
1.549027
